"76" "83" "91" "95" "217" "326" "524" "711" "716" "902" "1127" "2152" "2336" "3356" "4603" "4940" "9200" "9976" "25439" "38207" "48679" "52222" "52661" "53044" "53348" "56860" "56883" "57167" "64529" "67899"
"76" 0 0.191734173743052 0.489471954635568 0.744578946128671 0.876296343868345 0.20145290097511 0.507606333907076 0.193684811943423 0.401719134564754 0.283095096740092 0.247596925658569 0.329993907812961 -0.0769537599096611 0.130588901604859 0.4276342686268 0.179715459977475 -0.0874003235458178 0.0216399440745753 0.219115959293747 -0.0277498640719202 0.323916993437772 -0.138913800270522 0.027131463462787 -0.0374090279615256 -0.069440839287614 -0.0103100488455364 0.0377015692735549 0.130695672577478 -0.157105282871169 0.0231618736349715
"83" 0.191734173743052 0 0.802273815561962 0.582186438147794 0.454400792495788 0.901910390957344 0.493431116563734 0.588972402587721 0.540956542167364 0.214867668963577 0.438189092167642 0.108751895190591 -0.367150673219622 0.792963722149157 0.293379829049219 0.23873885800465 -0.33378605727287 -0.168699708639175 0.576112610556844 0.282545882516644 0.441768738323298 -0.101785536934227 -0.302337445848883 0.461700238112366 0.66144545793381 0.199693314112304 -0.214425632816593 -0.0712032609385537 0.24640805611659 -0.270242939196336
"91" 0.489471954635568 0.802273815561962 0 0.893028621015023 0.758353000078122 0.890636050452895 0.847156422549453 0.835036631199405 0.858373896314908 0.627978025500325 0.725207490363092 0.573852250466116 -0.0991542902141469 0.845185186666726 0.632466533993815 0.616641138910429 -0.111114545622962 0.203694435998961 0.748141569493115 0.0481655035852518 0.555744114152186 0.0743617201243847 0.126629659653552 0.254838960596331 0.418937421846251 0.198148486308356 0.198881145938201 0.376704084073448 0.113919247315646 0.146379036175476
"95" 0.744578946128671 0.582186438147794 0.893028621015023 0 0.890578115368777 0.70657921103165 0.882356557070616 0.764523018638079 0.869323112812523 0.685003475461206 0.673803117094816 0.674988838153893 0.000767643121499422 0.649768436806239 0.727932865617795 0.641827288376765 -0.013074245388857 0.287483618462871 0.695985027714562 0.00974734584410714 0.584580961468917 0.0821853254406433 0.24825144040935 0.158432226692542 0.245950959231321 0.194280107624675 0.300299917893701 0.473520062774561 0.0311026767373067 0.258970460825294
"217" 0.876296343868345 0.454400792495788 0.758353000078122 0.890578115368777 0 0.511060914410257 0.706300260400455 0.4734355506007 0.612755437241495 0.439428255242793 0.450900395764019 0.449275551715051 -0.118862560278097 0.546446570514387 0.439069076359539 0.341058314050135 -0.183561159299794 0.0621127379738741 0.351917258475499 -0.249826270262374 0.257614362328241 -0.0968716637479343 0.0556584870274922 -0.140882115440264 -0.0470122145290783 -0.136793545433386 0.0877154653988677 0.202972774057381 -0.21590322034487 0.0517546458034673
"326" 0.20145290097511 0.901910390957344 0.890636050452895 0.70657921103165 0.511060914410257 0 0.708572491836016 0.807869370445388 0.760510000487962 0.50434152025676 0.63820003622819 0.420434025101954 -0.1629752522596 0.87123602329838 0.514651387505233 0.535117457311157 -0.153381645321401 0.115653170073656 0.746769780864923 0.180796959068702 0.53843958535647 0.0729636541575099 0.00965888525817626 0.397206656907907 0.588903003869598 0.265605845873367 0.0933676474101077 0.260301681807218 0.237574957944807 0.0367309505243283
"524" 0.507606333907076 0.493431116563734 0.847156422549453 0.882356557070616 0.706300260400455 0.708572491836016 0 0.872562806871265 0.924419394547992 0.82504779036452 0.765180683785084 0.833948675418092 0.175601909469426 0.673836688494288 0.803100211551003 0.818703327180268 0.142620978588112 0.486937275707878 0.79312346488914 -0.00916466323709808 0.614384633482254 0.245264153145437 0.456040133908841 0.168275554628192 0.256109946435126 0.280707838121383 0.509092732776058 0.681830076174697 0.095973229523584 0.470360716985218
"711" 0.193684811943423 0.588972402587721 0.835036631199405 0.764523018638079 0.4734355506007 0.807869370445388 0.872562806871265 0 0.961048336819306 0.832465069418947 0.80382320950786 0.793303585779912 0.170033806604723 0.762859353865394 0.782818457571243 0.874171255025119 0.171438866298512 0.52005369856554 0.884917324189724 0.0927966152663322 0.648515356130735 0.321953077448443 0.464775637061736 0.305886004705153 0.427028181840875 0.388965368243943 0.527353517732204 0.707516310381313 0.233213957698069 0.485737740112772
"716" 0.401719134564754 0.540956542167364 0.858373896314908 0.869323112812523 0.612755437241495 0.760510000487962 0.924419394547992 0.961048336819306 0 0.86057249570881 0.812596089010077 0.840539917831053 0.180904521411806 0.692532823629512 0.856248686213744 0.878400110052512 0.185934640514379 0.530526449054024 0.885247533497247 0.102427114115649 0.702374007752338 0.295026588498075 0.485470417967967 0.288966030822087 0.375990155769698 0.395929669237815 0.542232723677628 0.731015172969654 0.195777724743124 0.50336354518947
"902" 0.283095096740092 0.214867668963577 0.627978025500325 0.685003475461206 0.439428255242793 0.50434152025676 0.82504779036452 0.832465069418947 0.86057249570881 0 0.736568200473196 0.899055509619285 0.36328356780352 0.480573291736824 0.829754909429523 0.909566968028023 0.358265080770117 0.680204285424277 0.772494794201499 0.00175045560296282 0.600820694618861 0.397770202209172 0.6789643766283 0.150387409867079 0.177418482072791 0.374043454608254 0.710657004730831 0.86224972350821 0.142328837108124 0.69300169374253
"1127" 0.247596925658569 0.438189092167642 0.725207490363092 0.673803117094816 0.450900395764019 0.63820003622819 0.765180683785084 0.80382320950786 0.812596089010077 0.736568200473196 0 0.716106354888603 0.179014524963825 0.597876193324411 0.710874933986882 0.761163670185361 0.179010322970921 0.476728713207444 0.746645323311715 0.0641546076908697 0.567288392394168 0.280229055144118 0.439331284261334 0.231646003947371 0.312353314867826 0.331103932761245 0.493001513024586 0.641231592349191 0.172575433942834 0.456044039825756
"2152" 0.329993907812961 0.108751895190591 0.573852250466116 0.674988838153893 0.449275551715051 0.420434025101954 0.833948675418092 0.793303585779912 0.840539917831053 0.899055509619285 0.716106354888603 0 0.413065824351685 0.403721272977272 0.841169345204007 0.910794370465551 0.400386815063483 0.719425824025055 0.734339369924379 -0.0372627163586975 0.579162016644107 0.411457410026559 0.734592210672375 0.0927368275559223 0.094312498834218 0.356274096855537 0.759847737942046 0.900652120204705 0.106001222766824 0.742950785738389
"2336" -0.0769537599096611 -0.367150673219622 -0.0991542902141469 0.000767643121499422 -0.118862560278097 -0.1629752522596 0.175601909469426 0.170033806604723 0.180904521411806 0.36328356780352 0.179014524963825 0.413065824351685 0 -0.148973658585946 0.304643314458289 0.396075943840484 0.571136825941207 0.558239222427705 0.171141930639675 -0.0105273715010095 0.147463342577205 0.803669908119932 0.605300643518164 0.00255332848607934 -0.0818008730124597 0.265302576363969 0.595363112255454 0.515476593735234 0.210239227888864 0.605881969935649
"3356" 0.130588901604859 0.792963722149157 0.845185186666726 0.649768436806239 0.546446570514387 0.87123602329838 0.673836688494288 0.762859353865394 0.692532823629512 0.480573291736824 0.597876193324411 0.403721272977272 -0.148973658585946 0 0.332336147214696 0.481769839731474 -0.211188508708448 0.105974282853459 0.55763860989138 -0.192021419147052 0.231669139596286 0.0590287224640895 0.0402842194262336 0.0563593195179938 0.299815283814881 -0.032825730319614 0.107254211003831 0.231463889189115 0.0131067422538343 0.0514118643268738
"4603" 0.4276342686268 0.293379829049219 0.632466533993815 0.727932865617795 0.439069076359539 0.514651387505233 0.803100211551003 0.782818457571243 0.856248686213744 0.829754909429523 0.710874933986882 0.841169345204007 0.304643314458289 0.332336147214696 0 0.867631692204114 0.373634870181583 0.619458562021262 0.881867414327134 0.36475606191585 0.861279121072482 0.352243487823126 0.580269179450999 0.459090159099643 0.427918500144977 0.624477729188513 0.623275718306908 0.807305347246939 0.327399389536183 0.606918726756472
"4940" 0.179715459977475 0.23873885800465 0.616641138910429 0.641827288376765 0.341058314050135 0.535117457311157 0.818703327180268 0.874171255025119 0.878400110052512 0.909566968028023 0.761163670185361 0.910794370465551 0.396075943840484 0.481769839731474 0.867631692204114 0 0.402467218426107 0.720062256399281 0.841135037201027 0.0994208039206492 0.670443377003266 0.444021216064837 0.704943002714231 0.251940532985975 0.275222153510785 0.47299982447947 0.744097305535121 0.908076673759149 0.230370181918303 0.725157281139195
"9200" -0.0874003235458178 -0.33378605727287 -0.111114545622962 -0.013074245388857 -0.183561159299794 -0.153381645321401 0.142620978588112 0.171438866298512 0.185934640514379 0.358265080770117 0.179010322970921 0.400386815063483 0.571136825941207 -0.211188508708448 0.373634870181583 0.402467218426107 0 0.577489640533974 0.24768077250953 0.185670190072568 0.281143320774068 0.551073329716752 0.603549338350935 0.190841342837872 0.0721172443614793 0.429717447346892 0.596603547231727 0.522420804020147 0.358990802262551 0.612134210022359
"9976" 0.0216399440745753 -0.168699708639175 0.203694435998961 0.287483618462871 0.0621127379738741 0.115653170073656 0.486937275707878 0.52005369856554 0.530526449054024 0.680204285424277 0.476728713207444 0.719425824025055 0.558239222427705 0.105974282853459 0.619458562021262 0.720062256399281 0.577489640533974 0 0.506502053526863 0.0979823062028635 0.411635571120129 0.542209357714755 0.891933846533827 0.207239652380224 0.164761866767401 0.536054977416003 0.912386719087822 0.796719979111338 0.240803845855078 0.908206481412923
"25439" 0.219115959293747 0.576112610556844 0.748141569493115 0.695985027714562 0.351917258475499 0.746769780864923 0.79312346488914 0.884917324189724 0.885247533497247 0.772494794201499 0.746645323311715 0.734339369924379 0.171141930639675 0.55763860989138 0.881867414327134 0.841135037201027 0.24768077250953 0.506502053526863 0 0.446316185039784 0.875789694604079 0.322029577480229 0.423059052711466 0.597976204929341 0.643325529004084 0.648816163776951 0.49375263382305 0.68601376635819 0.429226101878567 0.456913440692099
"38207" -0.0277498640719202 0.282545882516644 0.0481655035852518 0.00974734584410714 -0.249826270262374 0.180796959068702 -0.00916466323709808 0.0927966152663322 0.102427114115649 0.00175045560296282 0.0641546076908697 -0.0372627163586975 -0.0105273715010095 -0.192021419147052 0.36475606191585 0.0994208039206492 0.185670190072568 0.0979823062028635 0.446316185039784 0 0.704330949512811 0.105456790255291 -0.02056668095221 0.933216716856517 0.830606277461951 0.825116021006795 0.0291370060496223 0.030458051620252 0.643070556247759 0.0246863597785177
"48679" 0.323916993437772 0.441768738323298 0.555744114152186 0.584580961468917 0.257614362328241 0.53843958535647 0.614384633482254 0.648515356130735 0.702374007752338 0.600820694618861 0.567288392394168 0.579162016644107 0.147463342577205 0.231669139596286 0.861279121072482 0.670443377003266 0.281143320774068 0.411635571120129 0.875789694604079 0.704330949512811 0 0.252203431748886 0.319782332043049 0.757364994484988 0.706412090028602 0.784194294260879 0.379848269887489 0.561319230165548 0.518290978987758 0.35841222478692
"52222" -0.138913800270522 -0.101785536934227 0.0743617201243847 0.0821853254406433 -0.0968716637479343 0.0729636541575099 0.245264153145437 0.321953077448443 0.295026588498075 0.397770202209172 0.280229055144118 0.411457410026559 0.803669908119932 0.0590287224640895 0.352243487823126 0.444021216064837 0.551073329716752 0.542209357714755 0.322029577480229 0.105456790255291 0.252203431748886 0 0.547384608579999 0.176482158569529 0.152261938557069 0.366965159368868 0.559624808936617 0.489225590538618 0.370543961835276 0.560366519584802
"52661" 0.027131463462787 -0.302337445848883 0.126629659653552 0.24825144040935 0.0556584870274922 0.00965888525817626 0.456040133908841 0.464775637061736 0.485470417967967 0.6789643766283 0.439331284261334 0.734592210672375 0.605300643518164 0.0402842194262336 0.580269179450999 0.704943002714231 0.603549338350935 0.891933846533827 0.423059052711466 -0.02056668095221 0.319782332043049 0.547384608579999 0 0.0718480626260239 0.00818587857854232 0.440587082202574 0.940509777463303 0.820367440264072 0.14393213911347 0.941726395361073
"53044" -0.0374090279615256 0.461700238112366 0.254838960596331 0.158432226692542 -0.140882115440264 0.397206656907907 0.168275554628192 0.305886004705153 0.288966030822087 0.150387409867079 0.231646003947371 0.0927368275559223 0.00255332848607934 0.0563593195179938 0.459090159099643 0.251940532985975 0.190841342837872 0.207239652380224 0.597976204929341 0.933216716856517 0.757364994484988 0.176482158569529 0.0718480626260239 0 0.928926232199287 0.864894882864922 0.141558324358734 0.127871692270632 0.672617558960053 0.121698301385841
"53348" -0.069440839287614 0.66144545793381 0.418937421846251 0.245950959231321 -0.0470122145290783 0.588903003869598 0.256109946435126 0.427028181840875 0.375990155769698 0.177418482072791 0.312353314867826 0.094312498834218 -0.0818008730124597 0.299815283814881 0.427918500144977 0.275222153510785 0.0721172443614793 0.164761866767401 0.643325529004084 0.830606277461951 0.706412090028602 0.152261938557069 0.00818587857854232 0.928926232199287 0 0.776827900248914 0.0928206873209605 0.0844453660270556 0.640874645064155 0.0624975912051177
"56860" -0.0103100488455364 0.199693314112304 0.198148486308356 0.194280107624675 -0.136793545433386 0.265605845873367 0.280707838121383 0.388965368243943 0.395929669237815 0.374043454608254 0.331103932761245 0.356274096855537 0.265302576363969 -0.032825730319614 0.624477729188513 0.47299982447947 0.429717447346892 0.536054977416003 0.648816163776951 0.825116021006795 0.784194294260879 0.366965159368868 0.440587082202574 0.864894882864922 0.776827900248914 0 0.49632465174091 0.43699150280609 0.639237958835572 0.483923384969451
"56883" 0.0377015692735549 -0.214425632816593 0.198881145938201 0.300299917893701 0.0877154653988677 0.0933676474101077 0.509092732776058 0.527353517732204 0.542232723677628 0.710657004730831 0.493001513024586 0.759847737942046 0.595363112255454 0.107254211003831 0.623275718306908 0.744097305535121 0.596603547231727 0.912386719087822 0.49375263382305 0.0291370060496223 0.379848269887489 0.559624808936617 0.940509777463303 0.141558324358734 0.0928206873209605 0.49632465174091 0 0.830261384732119 0.189643367291779 0.948694064630235
"57167" 0.130695672577478 -0.0712032609385537 0.376704084073448 0.473520062774561 0.202972774057381 0.260301681807218 0.681830076174697 0.707516310381313 0.731015172969654 0.86224972350821 0.641231592349191 0.900652120204705 0.515476593735234 0.231463889189115 0.807305347246939 0.908076673759149 0.522420804020147 0.796719979111338 0.68601376635819 0.030458051620252 0.561319230165548 0.489225590538618 0.820367440264072 0.127871692270632 0.0844453660270556 0.43699150280609 0.830261384732119 0 0.169281205054865 0.827335191512669
"64529" -0.157105282871169 0.24640805611659 0.113919247315646 0.0311026767373067 -0.21590322034487 0.237574957944807 0.095973229523584 0.233213957698069 0.195777724743124 0.142328837108124 0.172575433942834 0.106001222766824 0.210239227888864 0.0131067422538343 0.327399389536183 0.230370181918303 0.358990802262551 0.240803845855078 0.429226101878567 0.643070556247759 0.518290978987758 0.370543961835276 0.14393213911347 0.672617558960053 0.640874645064155 0.639237958835572 0.189643367291779 0.169281205054865 0 0.178748929583253
"67899" 0.0231618736349715 -0.270242939196336 0.146379036175476 0.258970460825294 0.0517546458034673 0.0367309505243283 0.470360716985218 0.485737740112772 0.50336354518947 0.69300169374253 0.456044039825756 0.742950785738389 0.605881969935649 0.0514118643268738 0.606918726756472 0.725157281139195 0.612134210022359 0.908206481412923 0.456913440692099 0.0246863597785177 0.35841222478692 0.560366519584802 0.941726395361073 0.121698301385841 0.0624975912051177 0.483923384969451 0.948694064630235 0.827335191512669 0.178748929583253 0
