"672" "733" "734" "736" "1566" "2347" "2831" "4848" "5706" "7798" "8290" "30058" "46736" "46740" "46778" "46789" "46793" "49808" "50024" "50169" "50659" "51762" "52213" "54849" "56620" "57107" "57447" "57492" "58463" "62208" "64153" "64164" "66375" "68471" "70727"
"672" 0 0.602319820348784 0.650226357035026 0.657740832887956 0.597880348314301 0.274354302917626 0.262890377270608 0.501839483801747 0.496982451545371 0.571511578838321 0.629016914914228 0.595290156950691 0.488392972693685 0.640892689951487 0.544603791842602 0.498904465602424 0.512271344927383 0.536449877398581 0.365807239163435 0.623651240202831 0.451139635416024 0.401047886123003 0.00470119287399874 0.451307265936388 0.427280141477928 0.584235987972613 0.0747740426611399 0.353703929494083 0.288726150619375 0.297692951874359 0.0271058247577126 0.204997367645605 0.281473519614778 0.288918156261511 0.0358106048104102
"733" 0.602319820348784 0 0.922858211761118 0.906675275265819 0.282302319240662 0.623578451906794 0.703758181277914 0.913011818636048 0.552950918461882 0.107123489233577 0.22339681881854 0.0926728244139653 0.781802524788218 0.759967507232341 0.793474992393554 0.767105077453511 0.783901580285154 0.236584660152996 0.860482865772352 0.691734957504469 0.808832292538726 0.864650724223928 0.480662062805223 0.656751009575193 0.833364211301306 0.296175384490556 0.367785499901942 0.839907259587278 0.787092926598758 0.817828456797085 0.452648338099442 0.413625129197235 0.788923648056144 0.827514437280618 0.447146131839442
"734" 0.650226357035026 0.922858211761118 0 0.956424273874442 0.274734384888742 0.587595699245128 0.662087623700363 0.918366259075049 0.467736360670526 0.188884365049751 0.255294676906753 0.0360147963040501 0.840784823412828 0.789538648684628 0.851374920294854 0.803647358724192 0.835475653544823 0.161778641692035 0.838827185070239 0.746489632739306 0.708723112575665 0.832531254508437 0.446329111771142 0.575063684100638 0.730350119830376 0.23844443632673 0.356021106764288 0.824501922162205 0.761529880906458 0.775144077298681 0.431741805825213 0.395574533590139 0.756939229876599 0.781166859989796 0.388469898466519
"736" 0.657740832887956 0.906675275265819 0.956424273874442 0 0.365176823640514 0.581233940681739 0.647134749080309 0.881299272631578 0.482909478256562 0.112592397059761 0.214699109825326 0.0858018258680699 0.75558651424185 0.707319489723956 0.769459221492757 0.712291492972521 0.747328974314336 0.210318691148683 0.830037206110214 0.822125233995272 0.694484060658473 0.835493517016238 0.427707057116398 0.583208668416062 0.70823890511996 0.301339448462899 0.361844969221176 0.826142806464 0.752327529785721 0.758316650034303 0.422543378416098 0.426897106243917 0.742147409374352 0.762276114538134 0.36974536529355
"1566" 0.597880348314301 0.282302319240662 0.274734384888742 0.365176823640514 0 0.0740852428977692 0.0110864563318851 0.0992372718116455 0.527184097938327 0.226394554091377 0.535574611688764 0.800492785715921 -0.093343415610739 0.165189889832946 -0.014746480150245 -0.059398604725218 -0.0622687034098906 0.836012245494541 0.0521616853784817 0.631731841990689 0.290843140237313 0.155291017544145 -0.23352502088423 0.400811924606952 0.226457946766616 0.88409832012523 -0.0478626245280638 0.05926321346234 0.00187456501045827 -0.00237880872440099 -0.179236131696504 0.190155007831467 -0.0129088787681511 -0.0187177122452927 -0.145542388432449
"2347" 0.274354302917626 0.623578451906794 0.587595699245128 0.581233940681739 0.0740852428977692 0 0.562870057116331 0.641140977640177 0.363172690740567 -0.148422784283619 -0.06179720337778 -0.0513796292884245 0.480486289123177 0.415016606106659 0.471667909397932 0.469271178881693 0.475031601387351 0.0651769551011734 0.662364182414248 0.414248561045718 0.612571001562786 0.663120967607855 0.449637696958875 0.472984893784048 0.644987338299978 0.101097860759134 0.319598819046048 0.648122673604259 0.626830011603001 0.655257341943713 0.414749650730225 0.326343057952308 0.632178302427626 0.666296405064503 0.416594508448454
"2831" 0.262890377270608 0.703758181277914 0.662087623700363 0.647134749080309 0.0110864563318851 0.562870057116331 0 0.75200491448171 0.380318776217828 -0.206765817579407 -0.129332421378622 -0.125471569104005 0.565749156078718 0.464119835348381 0.548251140169013 0.548494251878715 0.555960030544269 0.0190338449582519 0.782890530448148 0.439215852652285 0.694455285280404 0.776161484170625 0.551360494793203 0.521645042100072 0.736793256723565 0.0431846125570971 0.382991904893388 0.759807540012877 0.739494947737693 0.772479044299066 0.506182769904478 0.371665257876106 0.767300308361894 0.787039518593877 0.503826578589729
"4848" 0.501839483801747 0.913011818636048 0.918366259075049 0.881299272631578 0.0992372718116455 0.641140977640177 0.75200491448171 0 0.463183781848966 0.0493470240757569 0.105282151220424 -0.0831732543681182 0.843387698940479 0.759364709349701 0.837783037304115 0.817500162221511 0.837567017522918 0.0653312761690087 0.903170697478481 0.606987329510578 0.788792857292836 0.888150027714053 0.564271685940471 0.605656874677178 0.83071535019325 0.116052657918791 0.40449724545447 0.882477927547737 0.836803088744468 0.870229484148643 0.523183895022316 0.401750958552776 0.847512816264601 0.883169729430432 0.506366265682598
"5706" 0.496982451545371 0.552950918461882 0.467736360670526 0.482909478256562 0.527184097938327 0.363172690740567 0.380318776217828 0.463183781848966 0 0.135924833565423 0.39639087613884 0.645018869480821 0.272544959367426 0.459853165047396 0.319512089289375 0.334477162116159 0.308464130131842 0.639332374483622 0.424805947448092 0.433423967653215 0.686561356921749 0.484940253538066 0.142859382549179 0.88753562660215 0.673920495620713 0.638588421116572 0.131118575940669 0.409444565540683 0.377960806523609 0.424000266166482 0.127178554918038 0.261361316988003 0.383538902025775 0.423253582719132 0.226487298984751
"7798" 0.571511578838321 0.107123489233577 0.188884365049751 0.112592397059761 0.226394554091377 -0.148422784283619 -0.206765817579407 0.0493470240757569 0.135924833565423 0 0.898825727485712 0.408196456796236 0.394268623924914 0.609730104457931 0.450929889278931 0.438785729241992 0.436549682899065 0.324103336769509 -0.208324518835181 -0.0203231295159442 -0.0588799385122444 -0.225213596312313 -0.364709926005503 -0.000240046319773205 -0.0808496590072876 0.288197271723341 -0.252333624126013 -0.229513613127462 -0.264211112732761 -0.252588877473255 -0.34286493895211 -0.221020385161762 -0.259792410159891 -0.262880664246682 -0.296654657033339
"8290" 0.629016914914228 0.22339681881854 0.255294676906753 0.214699109825326 0.535574611688764 -0.06179720337778 -0.129332421378622 0.105282151220424 0.39639087613884 0.898825727485712 0 0.661060278579559 0.317969009029503 0.629663986485876 0.39822250560126 0.38811761277345 0.375603988248048 0.654554500316348 -0.129509915948932 0.168396787438187 0.157566799386078 -0.100896269385517 -0.370563785900381 0.225471625192244 0.116416749373237 0.628724542910049 -0.227550215709579 -0.155932338332752 -0.197039722433392 -0.171739694548029 -0.343981235437402 -0.110376541027035 -0.190977192489532 -0.184696654938123 -0.257408941648007
"30058" 0.595290156950691 0.0926728244139653 0.0360147963040501 0.0858018258680699 0.800492785715921 -0.0513796292884245 -0.125471569104005 -0.0831732543681182 0.645018869480821 0.408196456796236 0.661060278579559 0 -0.192342562389743 0.154380962479206 -0.107756322107978 -0.108683522878386 -0.14119364729219 0.898991052814232 -0.161323151128168 0.285758647085219 0.260512302302495 -0.0611374397181624 -0.355743244655068 0.470044123433352 0.172881546747097 0.874667412660858 -0.180887369876148 -0.172500646574059 -0.200567074159704 -0.176299427759382 -0.320701821881417 0.0308007789082644 -0.19555810045219 -0.193333319043381 -0.212034406566549
"46736" 0.488392972693685 0.781802524788218 0.840784823412828 0.75558651424185 -0.093343415610739 0.480486289123177 0.565749156078718 0.843387698940479 0.272544959367426 0.394268623924914 0.317969009029503 -0.192342562389743 0 0.910363870843557 0.98650804040383 0.962595014661184 0.993555289561928 -0.100576318987703 0.705791584946937 0.383513337207621 0.557147670215699 0.650670141191636 0.41565051845239 0.38519461427128 0.595072581530452 -0.0615246845504885 0.274695586351394 0.678584500039176 0.637600964176293 0.66342894952408 0.379329759093401 0.211782606938609 0.643981781878407 0.674859242281865 0.35392161078552
"46740" 0.640892689951487 0.759967507232341 0.789538648684628 0.707319489723956 0.165189889832946 0.415016606106659 0.464119835348381 0.759364709349701 0.459853165047396 0.609730104457931 0.629663986485876 0.154380962479206 0.910363870843557 0 0.938496732206687 0.926781439292591 0.938144850079294 0.242726658917525 0.573442482134246 0.38354658906495 0.618556424021729 0.54775864655429 0.233186026835177 0.485074158685539 0.629453542691125 0.257145639293957 0.158470478050622 0.535295493363365 0.490289579184607 0.532315666019301 0.20604296205172 0.164367336340527 0.501948889480839 0.537730428810949 0.241834501284273
"46778" 0.544603791842602 0.793474992393554 0.851374920294854 0.769459221492757 -0.014746480150245 0.471667909397932 0.548251140169013 0.837783037304115 0.319512089289375 0.450929889278931 0.39822250560126 -0.107756322107978 0.98650804040383 0.938496732206687 0 0.963836171090619 0.992703948900155 -0.0159994115862353 0.686724183589551 0.413828917351598 0.573009081624575 0.639714268578715 0.374346474447662 0.413099371633976 0.60454888774533 0.0222043888025173 0.253037147085068 0.658467494941853 0.613444872425882 0.643503492299615 0.342506246040223 0.210031433651173 0.619643658286317 0.650241921779499 0.325874569411996
"46789" 0.498904465602424 0.767105077453511 0.803647358724192 0.712291492972521 -0.059398604725218 0.469271178881693 0.548494251878715 0.817500162221511 0.334477162116159 0.438785729241992 0.38811761277345 -0.108683522878386 0.962595014661184 0.926781439292591 0.963836171090619 0 0.972851248292791 -0.0112781345819697 0.670628964288764 0.332933326816308 0.590981656048576 0.620158837316394 0.381124764639166 0.42421133320971 0.63069895863214 0.0102362447996158 0.243396324026693 0.637358886864834 0.601175061372809 0.6382245136661 0.340451355261166 0.191023883747125 0.612550718115054 0.649628025422279 0.344826794221115
"46793" 0.512271344927383 0.783901580285154 0.835475653544823 0.747328974314336 -0.0622687034098906 0.475031601387351 0.555960030544269 0.837567017522918 0.308464130131842 0.436549682899065 0.375603988248048 -0.14119364729219 0.993555289561928 0.938144850079294 0.992703948900155 0.972851248292791 0 -0.0462451775398502 0.689613561442268 0.372339096497093 0.572807736848126 0.635904640663673 0.391812431061883 0.407463133091279 0.612403454729664 -0.0130918119647999 0.256746402846987 0.659472264112523 0.618871995363398 0.649505908165961 0.354848347544202 0.201917530747377 0.627194261846325 0.660456810942679 0.343032904767501
"49808" 0.536449877398581 0.236584660152996 0.161778641692035 0.210318691148683 0.836012245494541 0.0651769551011734 0.0190338449582519 0.0653312761690087 0.639332374483622 0.324103336769509 0.654554500316348 0.898991052814232 -0.100576318987703 0.242726658917525 -0.0159994115862353 -0.0112781345819697 -0.0462451775398502 0 -0.00881805748589281 0.375570769039125 0.418224627850478 0.0931680365261998 -0.254694078546057 0.475921239569438 0.345765734160461 0.928229678995782 -0.109372763558273 -0.0250594853317122 -0.0576142367377155 -0.019314344177218 -0.228363983719012 0.109876429131461 -0.0452185897458727 -0.0333462444332475 -0.109452230040585
"50024" 0.365807239163435 0.860482865772352 0.838827185070239 0.830037206110214 0.0521616853784817 0.662364182414248 0.782890530448148 0.903170697478481 0.424805947448092 -0.208324518835181 -0.129509915948932 -0.161323151128168 0.705791584946937 0.573442482134246 0.686724183589551 0.670628964288764 0.689613561442268 -0.00881805748589281 0 0.599544849344112 0.788411257461904 0.920887023743675 0.640518926478105 0.597471001532565 0.830452909292375 0.0534388709132846 0.457888176751808 0.91490686658896 0.880892530123322 0.9089220905792 0.594875821348295 0.451323308055201 0.883725609130218 0.924017848393698 0.56806091110902
"50169" 0.623651240202831 0.691734957504469 0.746489632739306 0.822125233995272 0.631731841990689 0.414248561045718 0.439215852652285 0.606987329510578 0.433423967653215 -0.0203231295159442 0.168396787438187 0.285758647085219 0.383513337207621 0.38354658906495 0.413828917351598 0.332933326816308 0.372339096497093 0.375570769039125 0.599544849344112 0 0.498147506099763 0.654977878422305 0.229660200914879 0.484721042064971 0.478778587641823 0.492225228343583 0.274227431222074 0.61683880057744 0.550555303662672 0.516870285675883 0.266355690688968 0.424788987932166 0.514303941755897 0.509668554654248 0.190199486336795
"50659" 0.451139635416024 0.808832292538726 0.708723112575665 0.694484060658473 0.290843140237313 0.612571001562786 0.694455285280404 0.788792857292836 0.686561356921749 -0.0588799385122444 0.157566799386078 0.260512302302495 0.557147670215699 0.618556424021729 0.573009081624575 0.590981656048576 0.572807736848126 0.418224627850478 0.788411257461904 0.498147506099763 0 0.826128310100672 0.478087768361951 0.758682650542943 0.950693022648565 0.414734777994422 0.336552013012044 0.754695028029766 0.734174638504221 0.802213132135963 0.426442602133014 0.399647762635551 0.755028943106306 0.810728580807428 0.503866264418707
"51762" 0.401047886123003 0.864650724223928 0.832531254508437 0.835493517016238 0.155291017544145 0.663120967607855 0.776161484170625 0.888150027714053 0.484940253538066 -0.225213596312313 -0.100896269385517 -0.0611374397181624 0.650670141191636 0.54775864655429 0.639714268578715 0.620158837316394 0.635904640663673 0.0931680365261998 0.920887023743675 0.654977878422305 0.826128310100672 0 0.611126644365542 0.640459901762997 0.853323821769541 0.158773765634558 0.450150043561901 0.906239537630233 0.872530245162688 0.90053684328953 0.57512566277103 0.476078963697532 0.876093667487473 0.913304706159897 0.556609019826646
"52213" 0.00470119287399874 0.480662062805223 0.446329111771142 0.427707057116398 -0.23352502088423 0.449637696958875 0.551360494793203 0.564271685940471 0.142859382549179 -0.364709926005503 -0.370563785900381 -0.355743244655068 0.41565051845239 0.233186026835177 0.374346474447662 0.381124764639166 0.391812431061883 -0.254694078546057 0.640518926478105 0.229660200914879 0.478087768361951 0.611126644365542 0 0.309847531255383 0.526052497081151 -0.222935931692509 0.679558141516567 0.630944320064774 0.634190827346366 0.654766513086301 0.622633404348072 0.433418481875688 0.638800036550331 0.668336250635414 0.608223222406154
"54849" 0.451307265936388 0.656751009575193 0.575063684100638 0.583208668416062 0.400811924606952 0.472984893784048 0.521645042100072 0.605656874677178 0.88753562660215 -0.000240046319773205 0.225471625192244 0.470044123433352 0.38519461427128 0.485074158685539 0.413099371633976 0.42421133320971 0.407463133091279 0.475921239569438 0.597471001532565 0.484721042064971 0.758682650542943 0.640459901762997 0.309847531255383 0 0.765104477941068 0.492022480090186 0.239462608549163 0.574037982203023 0.544132325731481 0.592876622602901 0.280987846105935 0.334488800267089 0.555012765105827 0.598943195046127 0.351241572314264
"56620" 0.427280141477928 0.833364211301306 0.730350119830376 0.70823890511996 0.226457946766616 0.644987338299978 0.736793256723565 0.83071535019325 0.673920495620713 -0.0808496590072876 0.116416749373237 0.172881546747097 0.595072581530452 0.629453542691125 0.60454888774533 0.63069895863214 0.612403454729664 0.345765734160461 0.830452909292375 0.478778587641823 0.950693022648565 0.853323821769541 0.526052497081151 0.765104477941068 0 0.3547619157242 0.366996087106403 0.797771561969841 0.777257059329104 0.84447453943503 0.469704047194708 0.408696154109208 0.797348738263392 0.85962067811401 0.545085128654724
"57107" 0.584235987972613 0.296175384490556 0.23844443632673 0.301339448462899 0.88409832012523 0.101097860759134 0.0431846125570971 0.116052657918791 0.638588421116572 0.288197271723341 0.628724542910049 0.874667412660858 -0.0615246845504885 0.257145639293957 0.0222043888025173 0.0102362447996158 -0.0130918119647999 0.928229678995782 0.0534388709132846 0.492225228343583 0.414734777994422 0.158773765634558 -0.222935931692509 0.492022480090186 0.3547619157242 0 -0.0706678338406348 0.0438662635348039 0.00159696464587032 0.0276405496579684 -0.18952641262413 0.159138165532709 0.000298324543863195 0.0105915896485123 -0.0901671194799207
"57447" 0.0747740426611399 0.367785499901942 0.356021106764288 0.361844969221176 -0.0478626245280638 0.319598819046048 0.382991904893388 0.40449724545447 0.131118575940669 -0.252333624126013 -0.227550215709579 -0.180887369876148 0.274695586351394 0.158470478050622 0.253037147085068 0.243396324026693 0.256746402846987 -0.109372763558273 0.457888176751808 0.274227431222074 0.336552013012044 0.450150043561901 0.679558141516567 0.239462608549163 0.366996087106403 -0.0706678338406348 0 0.457025305470903 0.445951181446347 0.452330944873569 0.436265913190691 0.352737549019358 0.469169721602237 0.461175353755721 0.415431888090206
"57492" 0.353703929494083 0.839907259587278 0.824501922162205 0.826142806464 0.05926321346234 0.648122673604259 0.759807540012877 0.882477927547737 0.409444565540683 -0.229513613127462 -0.155932338332752 -0.172500646574059 0.678584500039176 0.535295493363365 0.658467494941853 0.637358886864834 0.659472264112523 -0.0250594853317122 0.91490686658896 0.61683880057744 0.754695028029766 0.906239537630233 0.630944320064774 0.574037982203023 0.797771561969841 0.0438662635348039 0.457025305470903 0 0.871373302519694 0.891076470169124 0.590222273714376 0.452867917148822 0.868842999933173 0.905367091375787 0.553708027013708
"58463" 0.288726150619375 0.787092926598758 0.761529880906458 0.752327529785721 0.00187456501045827 0.626830011603001 0.739494947737693 0.836803088744468 0.377960806523609 -0.264211112732761 -0.197039722433392 -0.200567074159704 0.637600964176293 0.490289579184607 0.613444872425882 0.601175061372809 0.618871995363398 -0.0576142367377155 0.880892530123322 0.550555303662672 0.734174638504221 0.872530245162688 0.634190827346366 0.544132325731481 0.777257059329104 0.00159696464587032 0.445951181446347 0.871373302519694 0 0.881011741730815 0.5897973508501 0.435478041843454 0.843870522696391 0.883703917741353 0.556196210617993
"62208" 0.297692951874359 0.817828456797085 0.775144077298681 0.758316650034303 -0.00237880872440099 0.655257341943713 0.772479044299066 0.870229484148643 0.424000266166482 -0.252588877473255 -0.171739694548029 -0.176299427759382 0.66342894952408 0.532315666019301 0.643503492299615 0.6382245136661 0.649505908165961 -0.019314344177218 0.9089220905792 0.516870285675883 0.802213132135963 0.90053684328953 0.654766513086301 0.592876622602901 0.84447453943503 0.0276405496579684 0.452330944873569 0.891076470169124 0.881011741730815 0 0.606226656767279 0.444187363093819 0.877056973091897 0.924266248388558 0.587970646616217
"64153" 0.0271058247577126 0.452648338099442 0.431741805825213 0.422543378416098 -0.179236131696504 0.414749650730225 0.506182769904478 0.523183895022316 0.127178554918038 -0.34286493895211 -0.343981235437402 -0.320701821881417 0.379329759093401 0.20604296205172 0.342506246040223 0.340451355261166 0.354848347544202 -0.228363983719012 0.594875821348295 0.266355690688968 0.426442602133014 0.57512566277103 0.622633404348072 0.280987846105935 0.469704047194708 -0.18952641262413 0.436265913190691 0.590222273714376 0.5897973508501 0.606226656767279 0 0.905057213473967 0.587161936331824 0.614164531659935 0.810946659851696
"64164" 0.204997367645605 0.413625129197235 0.395574533590139 0.426897106243917 0.190155007831467 0.326343057952308 0.371665257876106 0.401750958552776 0.261361316988003 -0.221020385161762 -0.110376541027035 0.0308007789082644 0.211782606938609 0.164367336340527 0.210031433651173 0.191023883747125 0.201917530747377 0.109876429131461 0.451323308055201 0.424788987932166 0.399647762635551 0.476078963697532 0.433418481875688 0.334488800267089 0.408696154109208 0.159138165532709 0.352737549019358 0.452867917148822 0.435478041843454 0.444187363093819 0.905057213473967 0 0.424824370454271 0.440492875225197 0.708172418342379
"66375" 0.281473519614778 0.788923648056144 0.756939229876599 0.742147409374352 -0.0129088787681511 0.632178302427626 0.767300308361894 0.847512816264601 0.383538902025775 -0.259792410159891 -0.190977192489532 -0.19555810045219 0.643981781878407 0.501948889480839 0.619643658286317 0.612550718115054 0.627194261846325 -0.0452185897458727 0.883725609130218 0.514303941755897 0.755028943106306 0.876093667487473 0.638800036550331 0.555012765105827 0.797348738263392 0.000298324543863195 0.469169721602237 0.868842999933173 0.843870522696391 0.877056973091897 0.587161936331824 0.424824370454271 0 0.892828430846066 0.566852855582214
"68471" 0.288918156261511 0.827514437280618 0.781166859989796 0.762276114538134 -0.0187177122452927 0.666296405064503 0.787039518593877 0.883169729430432 0.423253582719132 -0.262880664246682 -0.184696654938123 -0.193333319043381 0.674859242281865 0.537730428810949 0.650241921779499 0.649628025422279 0.660456810942679 -0.0333462444332475 0.924017848393698 0.509668554654248 0.810728580807428 0.913304706159897 0.668336250635414 0.598943195046127 0.85962067811401 0.0105915896485123 0.461175353755721 0.905367091375787 0.883703917741353 0.924266248388558 0.614164531659935 0.440492875225197 0.892828430846066 0 0.612173729307477
"70727" 0.0358106048104102 0.447146131839442 0.388469898466519 0.36974536529355 -0.145542388432449 0.416594508448454 0.503826578589729 0.506366265682598 0.226487298984751 -0.296654657033339 -0.257408941648007 -0.212034406566549 0.35392161078552 0.241834501284273 0.325874569411996 0.344826794221115 0.343032904767501 -0.109452230040585 0.56806091110902 0.190199486336795 0.503866264418707 0.556609019826646 0.608223222406154 0.351241572314264 0.545085128654724 -0.0901671194799207 0.415431888090206 0.553708027013708 0.556196210617993 0.587970646616217 0.810946659851696 0.708172418342379 0.566852855582214 0.612173729307477 0
